$ANSIBLE_VAULT;1.1;AES256
33653733613330666534613336636636626131386563646638386666363765346135313530356431
3265646337346361333834633533643431633263613331310a613430613561613132666362303339
64663066316362373439336264643437323637656565626434613138393666396231623466306362
3163363836623464350a386535353833386564306139656165353530643237626337303961306263
61346361306561353861386633356564393266633065653439663964373931353265613133663931
33343230396434666666633336323130346565383330646336656533646133643834353730383133
33353562363937316437656431323564306365333639353233356637356334346530303035393361
35373334323831633437663066626161336662396233396433323666376433373963626262656662
35383661623633383635313265623432383932643532363638626433386235653937663831373937
62396465633966366665653365303237623061623361346437633563393736636338623435626364
39316634383761633530663130623437313832376236363662323036623264303036386461663637
64336537393763373966386432393331323237313232633737383965333330653966666639643365
33666136383731646563646564386137663337326133306362313338383361386464323864646465
39613265316630383262313237333166633163643431343335643333653239653433616139666230
32383933373966623766633761663932366536616431643433373838326461346362653264366661
34666438336564363833326339316364626231643739373363646461666361663666353464356331
39343639653830376330393930343530656134313463363539306664643935636434356562303636
64633530363433633435323136346438393231646235626635613637333835353934643736363237
37623634613432303163393061353432643232633264643633323634353964643030363662653764
33383030653839363163393433376438646664613431643239323539343534376339616661323862
65363865356533633764306135366239316335633531653439363234353639643233313564323734
32616530353035653966363165636563336561333735306138393139613661383930303439386362
32616665306530333863613235663466303364623964623835343965616334356334363164333466
66393738613965303461393961623935386136643861373765363434633264306537383430616130
64363536306661653531623066663732666465646335623734396464653938666164353933363965
31386633663130373733306635393732616361653564343134373132386532386462613965613537
33616162306237383936336635353963643832386339393261633766393033643530323431303665
65623736646430343738396638613963636266396664376639373031366530333036333134313738
64326439633233383238306165353039373962616432616161393831306563343437373531313561
64303162323132386135346236343532366663376139356662633439626237333339383935623636
38313332666334383863353932626263623264303137343032643666656365636362646437383166
33363332386330643636643638656137393962626665663632636236343662383730306630396335
38653032323464633866623937323665363037626235333764613030366238353363333964656633
63363137316136363638613230326262373632363337326433343930343232613233376537373030
64383261663037353436306365616639656533366532626233663962383666323564396562363761
66623531336462366561363038356263643266353134636330616465613766616265663962613631
63306666633063386463333431393561663535616230353834353363316130646239333261633663
32373362326436306438636234663634643530663034623363643263336261613139323564383365
32393532646130383533393438393465373639343030623766646638316464323930643334653632
30353166326134306439316261316631303330636335613436373430363335396135303033643236
33623431643663636536313561326261663537343031626633333139373264383764353233626132
34393932303439336165643731316166303237663039376535303165353463343565643738646263
66623439636630316537333739313539326638396266303538373834613433373035393035363732
32666262633036303862343536666338623130613062336230353832373936393631643961326261
64323339313236333666376463313531656532393531396265656635363238306534626530306530
33326561313462616261353339663737633532653261386162643837636462326630663462326530
35376265613530616365306231373839323838373863393532616634666437653535646661663937
32316137656237646138333034636336306162633836333039663638316336663334656135313866
32656436663738363666643534613337383231376164373931346464643939303163616365386432
39626662653838356437656161303366326638646464626339343330393232373337643230613061
39323835346161366530623236666431346436366666343139336564653266303366653430643634
65663733663733373865663538393232613461366465313434333536633839346233303034646235
36326139313961373465313132383435326336393730656466636664353530653734626235326535
37373162316163306132643635373563663231326363336130663761386232643336343838636335
31633361333461633435636131356230383939373162343933366631353138326263303061626338
65313034663339366137633538646637333636363362333963326634346362613437346434653231
34393636633039306433616337656437393534613436373838636363393466323135663630393139
32353930613339336538373138316333643236643634326331363834616236313533663138653466
31396462613431316335323966613865343530613233386162643436613733336539383731393966
32646662346131393963353062316437306231656439653361373633656662333739343065386463
39393034666664393863333661633331633338666236316436303862343336393164316263623139
33373538373662323565316634356130343264656462666361623763626630383733666634393538
62653737323937643633353433346137353138633834326662333565613234313030313664306430
33653833333764653230366462653463636332313232326163343138323030666637343730656664
36366535376232346336323538373336613633633135633061363765636262363837636530613234
31636161353163333036623966373961333035663630396464373465343332353333366239636437
66343230333263363031663764656264363734343538336634396132663935303835636437313561
37373465623830343565373937343532313266626462373431643863633061613132626365633630
61643037353034323364353431643766653338363537333331333336643066663337393262616263
35303964313539386334386266353263373163646332663338303263646130383266343134363164
34323739343732353336303932636131396436663465653339653332326261343039336133666432
30333537353639396432376166396339313531396265373031373738623466316136306430636230
39366230663530303966353139303332396663396130666433366132373533646432613165363739
38626666313235653766373136323436666531343662656632636130326433653438343830636666
64343862383463663637316136643265356633626234656130333932393437623232636433383630
30653165396230363564356462633930653765313731343932303636336138633736363530666632
32303166653662316238336166643336616361623337653336623965633735653863363539636636
33373262653839656364623233313134366139343964306632396463323762373332363636353731
66623730633334316233306233383733646663313763633839373462633563346265336566383335
35383331363734666231336236663239653735316365323764316262343935623033623662386134
33386361396533623630353165663636663662336233333138393135336365373935356334313433
32373934613934356430386262303733343536336363386230396237373365393361616239313239
37333934336637303736363334643931316235363439306232613238646662646662616237303665
34623939396539383264383930653966636538646635393663346661323939633637333234353632
39373238623437666238626162623762666566336330396136343631396232666166366364613861
61376430626130376666356332333639663762363966633938393639623430653864636336353232
62616331313638376132353439353836313661316531373535363865396666306165313732646162
36636134333233356139
